00000000000000000000000000000000000000000000000000000000000000000000000000000000000000000000000
00000000000000000000000000000000000000000000000000000000000000000000000000000000000000000000000
00000000000000000000000000000000000000000000000000001100000000000000000000000000000011110000000
00001110011111110011111111100111111100111111111000010010000000000000000000000000000010000000000
00011110111111111011111111101111111110111111111000010010011001100011001001011100000010000101000
00111110111000011011000001101110001110110000011000010010100000010100101001010010000011100101000
01110110110000000011000001101100000110110000011000011110100001110100101001010010000010000010000
01100110110000000000000001101100000110000000011000010010100010010100100111011100000010000101000
00000110110000000000000011101100000110000000111000010010100001110100100001010000100011110101010
00000110111111100000000111001100000110000001110000000000000000000000001110010000000000000000000
00000110111111110000001110001100000110000011100000000000000000000000000000000000100000000000000
00000110111000111000011100001100000110000111000000000000011110000000000000000000100000010000000
00000110110000011000011000001100000110000110000000000000010000000000000000000000000000010000000
00000110110000011000011000001100000110000110000000000000010000011100011001001001110000010000000
00000110110000011000011000001100000110000110000000000000011100100010100101001010001001110000000
00000110111000111000011000001110001110000110000000000000010000100010100101001010001010010000000
00000110011111110000011000001111111110000110000000000000010000100010100100111010001010010000000
00000110001111100000011000000111111100000110000000000000010000011100100100001001110001110000000
00000000000000000000000000000000000000000000000000000000000000000000000001110000000000000000000
00000000000000000000000000000000000000000000000000000000000000000000000000000000000000000000000
