A
0000000000
0000000000
0011111000
0111111100
1110001110
1100000110
1100000110
1100000110
1100000110
1100000110
1111111110
1111111110
1100000110
1100000110
1100000110
1100000110
1100000110
0000000000
0000000000
Á
0000000001
0000000010
0000000010
0011111000
0111111100
1110001110
1100000110
1100000110
1100000110
1100000110
1111111110
1111111110
1100000110
1100000110
1100000110
1100000110
1100000110
0000000000
0000000000
B
0000000000
0000000000
1111110000
1111111000
1100011100
1100001100
1100001100
1100011100
1111111000
1111111100
1100001110
1100000110
1100000110
1100000110
1100001110
1111111110
1111111100
0000000000
0000000000
C
0000000000
0000000000
0011111000
0111111100
1110001110
1100000110
1100000000
1100000000
1100000000
1100000000
1100000000
1100000000
1100000000
1100000110
1110001110
0111111100
0011111000
0000000000
0000000000
D
0000000000
0000000000
1111111000
1111111100
1100001110
1100000110
1100000110
1100000110
1100000110
1100000110
1100000110
1100000110
1100000110
1100000110
1100001110
1111111100
1111111000
0000000000
0000000000
E
00000000
00000000
11111110
11111110
11000000
11000000
11000000
11000000
11111000
11111000
11000000
11000000
11000000
11000000
11000000
11111110
11111110
00000000
00000000
É
00000100
00001000
00001000
00000000
11111110
11111110
11000000
11000000
11000000
11111000
11111000
11000000
11000000
11000000
11000000
11111110
11111110
00000000
00000000
F
000000000
000000000
111111110
111111110
110000000
110000000
110000000
110000000
111110000
111110000
110000000
110000000
110000000
110000000
110000000
110000000
110000000
000000000
000000000
G
0000000000
0000000000
0111111100
1111111110
1110001110
1100000000
1100000000
1100000000
1100000000
1100000000
1100011110
1100011110
1100000110
1100000110
1110001110
1111111110
0111111100
0000000000
0000000000
H
0000000000
0000000000
1100000110
1100000110
1100000110
1100000110
1100000110
1100000110
1111111110
1111111110
1100000110
1100000110
1100000110
1100000110
1100000110
1100000110
1100000110
0000000000
0000000000
I
000
000
110
110
110
110
110
110
110
110
110
110
110
110
110
110
110
000
000
Í
0000
0010
0100
0100
0000
0000
1100
1100
1100
1100
1100
1100
1100
1100
1100
1100
1100
0000
0000
J
000000000
000000000
000000110
000000110
000000110
000000110
000000110
000000110
000000110
000000110
000000110
000000110
110000110
110000110
111001110
011111100
001111000
000000000
000000000
K
0000000000
0000000000
1100000000
1100000110
1100001110
1100011100
1100111000
1101110000
1111100000
1110000000
1111000000
1111100000
1101110000
1100111000
1100011100
1100001100
1100001100
0000000000
0000000000
L
000000000
000000000
110000000
110000000
110000000
110000000
110000000
110000000
110000000
110000000
110000000
110000000
110000000
110000000
110000000
111111110
111111110
000000000
000000000
M
0000000000
0000000000
1110001110
1110001110
1110001110
1111011110
1111011110
1111011110
1101110110
1101110110
1101110110
1100000110
1100000110
1100000110
1100000110
1100000110
1100000110
0000000000
0000000000
N
0000000000
0000000000
1110000110
1110000110
1110000110
1111000110
1111000110
1111000110
1101100110
1101100110
1101100110
1100110110
1100110110
1100110110
1100011110
1100011110
1100011110
0000000000
0000000000
O
0000000000
0000000000
0111111100
1111111110
1110001110
1100000110
1100000110
1100000110
1100000110
1100000110
1100000110
1100000110
1100000110
1100000110
1110001110
1111111110
0111111100
0000000000
0000000000
Ó
0000000000
0000010000
0000100000
0000100000
0000000000
0111111100
1111111110
1110001110
1100000110
1100000110
1100000110
1100000110
1100000110
1110001110
1111111110
0111111100
0000000000
0000000000
0000000000
Ö
0000000000
0011011000
0000000000
0111111100
1111111110
1110001110
1100000110
1100000110
1100000110
1100000110
1100000110
1100000110
1100000110
1100000110
1110001110
1111111110
0111111100
0000000000
0000000000
Ő
0000000000
0000101000
0001010000
0001010000
0000000000
0111111100
1111111110
1110001110
1100000110
1100000110
1100000110
1100000110
1100000110
1100000110
1110001110
1111111110
0111111100
0000000000
0000000000
P
0000000000
0000000000
1111111000
1111111100
1100001110
1100001110
1100001110
1100001110
1100011100
1111111100
1111111000
1100000000
1100000000
1100000000
1100000000
1100000000
1100000000
0000000000
0000000000
Q
000000000000
000000000000
011111110000
111111111000
111000111000
110000011000
110000011000
110000011000
110000011000
110000011000
110000011000
110000011000
111000111000
111111111100
011111111110
000000000110
000000000010
000000000000
000000000000
R
0000000000
0000000000
1111111000
1111111100
1100001110
1100000110
1100000110
1100000110
1100001110
1111111100
1111111000
1101110000
1100111000
1100011100
1100001110
1100000110
1100000110
0000000000
0000000000
S
0000000000
0000000000
0111111100
1111111110
1110000110
1100000000
1100000000
1110000000
1111111100
0111111110
0000001110
0000000110
0000000110
0000000110
1100001110
1111111110
0111111100
0000000000
0000000000
T
00000000
00000000
11111111
11111111
00011000
00011000
00011000
00011000
00011000
00011000
00011000
00011000
00011000
00011000
00011000
00011000
00011000
00000000
00000000
U
0000000000
0000000000
1100000110
1100000110
1100000110
1100000110
1100000110
1100000110
1100000110
1100000110
1100000110
1100000110
1100000110
1100000110
1100000110
1111111110
0111111100
0000000000
0000000000
Ú
0000000000
0000010000
1100100110
1100100110
1100000110
1100000110
1100000110
1100000110
1100000110
1100000110
1100000110
1100000110
1100000110
1100000110
1100000110
1111111110
0111111100
0000000000
0000000000
Ü
0000000000
0000000000
0011011000
0000000000
1100000110
1100000110
1100000110
1100000110
1100000110
1100000110
1100000110
1100000110
1100000110
1100000110
1100000110
1111111110
0111111100
0000000000
0000000000
Ű
0000000000
0000101000
0001010000
0001010000
1100000110
1100000110
1100000110
1100000110
1100000110
1100000110
1100000110
1100000110
1100000110
1100000110
1100000110
1111111110
0111111100
0000000000
0000000000
V
000000000000
110000000110
110000000110
110000000110
011000001100
011000001100
011000001100
001100011000
001100011000
001100011000
001100011000
000110110000
000110110000
000110110000
000110110000
000011100000
000011100000
000000000000
000000000000
W
000000000000
000000000000
110000000110
110000000110
110000000110
110000000110
011001001100
011001001100
011001001100
011001001100
001111111000
001111111000
001111111000
001110111000
000110110000
000110110000
000110110000
000000000000
000000000000
X
0000000000
0000000000
1100000110
1100000110
1110001110
0111011100
0011111100
0001110000
0000100000
0001110000
0011111000
0111011100
1110001110
1100000110
1100000110
1100000110
1100000110
0000000000
0000000000
Y
0000000000
0000000000
1100000110
1100000110
1100000110
1110001110
0110001100
0111011100
0111011100
0011111000
0011111000
0001110000
0001110000
0001110000
0001110000
0001110000
0001110000
0000000000
0000000000
Z
0000000000
0000000000
1111111110
1111111110
0000000110
0000000110
0000001110
0000011100
0000111000
0001110000
0011100000
0111000000
1110000000
1100000000
1100000000
1111111110
1111111110
0000000000
0000000000
1
0000000
0000000
0001110
0011110
0111110
1110110
1100110
0000110
0000110
0000110
0000110
0000110
0000110
0000110
0000110
0000110
0000110
0000000
0000000
2
000000000
000000000
001111000
011111100
111001110
110000110
000000110
000000110
000000110
000001110
000011100
000111000
001110000
011100000
111000000
111111110
111111110
000000000
000000000
3
0000000000
0000000000
0011111000
0111111100
1110001110
1100000110
0000000110
0000001110
0011111100
0011111000
0000011100
0000001110
0000000110
1100000110
1110001110
0111111100
0011111000
0000000000
0000000000
4
0000000000
0000000000
0000001100
0000011100
0000111000
0001110000
0011100000
0111000000
1110000000
1100000000
1100001100
1100001100
1111111110
1111111110
0000001100
0000001100
0000001100
0000000000
0000000000
5
0000000000
0000000000
1111111110
1111111110
1100000000
1100000000
1100000000
1100000000
1111111000
0111111100
0000000110
0000000110
0000000110
0000000110
1100000110
1111111100
0111111000
0000000000
0000000000
6
0000000000
0000000000
0111111100
1111111110
1110000110
1100000000
1100000000
1100000000
1111111000
1111111100
1110001110
1100000110
1100000110
1100000110
1110001110
0111111100
0011111000
0000000000
0000000000
7
0000000000
0000000000
1111111110
1111111110
1100000110
1100000110
0000000110
0000001110
0000001100
0000011100
0000011000
0000110000
0000110000
0001100000
0001100000
0011000000
0011000000
0000000000
0000000000
8
00000000000
00000000000
00111111000
01111111100
11100001110
11000000110
11000000110
11100001110
01111111100
01111111100
01100001110
11000000110
11000000110
11000000110
11100001110
01111111100
00111111000
00000000000
00000000000
9
0000000000
0000000000
0000000000
0011111000
0111111100
1110001110
1100000110
1100000110
1100000110
1110001110
0111111110
0011111110
0000000110
0000000110
0000000110
1110001110
0111111100
0011111000
0000000000
0
0000000000
0000000000
0111111100
1111111110
1110001110
1100000110
1100000110
1100000110
1100000110
1100000110
1100000110
1100000110
1100000110
1100000110
1110001110
1111111110
0111111100
0000000000
0000000000
a
000000000
000000000
000000000
000000000
000000000
000000000
011111100
111111110
110000110
000000110
011111110
111111110
111000110
110000110
111000110
111111110
011111110
000000000
000000000
á
000000000
000001000
000010000
000010000
000000000
000000000
011111100
111111110
110000110
000000110
011111110
111111110
111000110
110000110
111000110
111111110
011111110
000000000
000000000
b
000000000
000000000
110000000
110000000
110000000
110000000
110000000
110000000
111111100
111111110
110001110
110000110
110000110
110000110
110001110
111111110
111111100
000000000
000000000
c
000000000
000000000
000000000
000000000
000000000
000000000
000000000
001111000
011111100
111001110
110000110
110000000
110000000
110000110
111001110
011111100
001111000
000000000
000000000
d
000000000
000000000
000000110
000000110
000000110
000000110
000000110
000000110
011111110
111111110
111000110
110000110
110000110
110000110
111000110
111111110
011111110
000000000
000000000
e
000000000
000000000
000000000
000000000
000000000
000000000
000000000
000000000
011111100
111111110
110000110
110000110
111111100
110000000
110000110
111111110
011111100
000000000
000000000
é
000000000
000000000
000000000
000001000
000010000
000010000
000000000
011111100
111111110
110000110
110000110
111111110
111111100
110000000
110000110
111111110
011111100
000000000
000000000
f
00000000
00000000
00111100
01111110
01100110
01100000
01100000
01100000
11111000
11111000
01100000
01100000
01100000
01100000
01100000
01100000
01100000
00000000
00000000
g
000000000
000000000
000000000
000000000
000000000
000000000
000000000
000000000
011111100
111111110
110000110
110000110
110000110
111111110
011111110
000000110
110000110
111111110
011111100
h
000000000
000000000
110000000
110000000
110000000
110000000
110000000
110111000
111111100
111000110
110000110
110000110
110000110
110000110
110000110
110000110
110000110
000000000
000000000
i
000
000
000
000
000
000
110
110
000
000
110
110
110
110
110
110
110
000
000
í
0000
0000
0000
0000
0000
0010
0100
0100
0000
0000
1100
1100
1100
1100
1100
1100
1100
0000
0000
j
00000000
00000000
00000000
00000000
00000110
00000110
00000000
00000000
00000110
00000110
00000110
00000110
00000110
11000110
11101110
01111100
00111000
00000000
00000000
k
00000000
00000000
00000000
00000000
11000000
11000110
11001110
11011100
11111000
11100000
11110000
11111000
11011100
11001110
11000110
11000110
11000110
00000000
00000000
l
0000
0000
0000
0000
0000
0000
1100
1100
1100
1100
1100
1100
1100
1100
1100
1110
0110
0000
0000
m
000000000000
000000000000
000000000000
000000000000
000000000000
000000000000
000000000000
000000000000
110000000000
110110011000
111111111110
110011101110
110001100110
110001100110
110001100110
110001100110
110001100110
000000000000
000000000000
n
000000000
000000000
000000000
000000000
000000000
000000000
000000000
000000000
110111000
111111100
111000110
110000110
110000110
110000110
110000110
110000110
110000110
000000000
000000000
o
000000000
000000000
000000000
000000000
000000000
000000000
000000000
000000000
011111100
111111110
111001110
110000110
110000110
110000110
111001110
111111110
011111100
000000000
000000000
ó
000000000
000000000
000000000
000000000
000001000
000010000
000010000
000000000
011111100
111111110
111001110
110000110
110000110
110000110
111001110
111111110
011111100
000000000
000000000
ö
0000000000
0000000000
0000000000
0000000000
0000000000
0011011000
0011011000
0000000000
0111111100
1111111110
1110001110
1100000110
1100000110
1100000110
1110001110
1111111110
0111111100
0000000000
0000000000
ő
0000000000
0000000000
0000000000
0000000000
0000101000
0001010000
0001010000
0000000000
0111111100
1111111110
1110001110
1100000110
1100000110
1100000110
1110001110
1111111110
0111111100
0000000000
0000000000
p
000000000
000000000
000000000
000000000
000000000
000000000
000000000
111111100
111111110
110001110
110000110
110000110
110001110
111111110
111111100
110000000
110000000
110000000
110000000
q
000000000
000000000
000000000
000000000
011111110
111111110
111000110
110000110
110000110
111000110
111111110
011111110
000000110
000000110
000000110
000000000
000000000
000000000
000000000
r
000000
000000
000000
000000
000000
000000
000000
000000
000000
110110
111110
111000
110000
110000
110000
110000
110000
000000
000000
s
00000
00000
00000
00000
00000
00000
00000
00000
01110
11110
11000
11100
01100
00110
00110
11110
11100
00000
00000
t
0000000
0000000
0000000
0000000
0110000
0110000
1111100
1111100
0110000
0110000
0110000
0110000
0110000
0110000
0111000
0111110
0011110
0000000
0000000
u
00000000
00000000
00000000
00000000
00000000
00000000
00000000
00000000
11000110
11000110
11000110
11000110
11000110
11000110
11000110
11111110
01111100
00000000
00000000
ú
00000000
00000000
00000000
00000000
00001000
00010000
00010000
00000000
11000110
11000110
11000110
11000110
11000110
11000110
11000110
11111110
01111100
00000000
00000000
ü
00000000
00000000
00000000
00000000
00000000
00000000
00101000
00000000
11000110
11000110
11000110
11000110
11000110
11000110
11000110
11111110
01111100
00000000
00000000
ű
00000000
00000000
00000000
00000000
00010100
00101000
00101000
00000000
11000110
11000110
11000110
11000110
11000110
11000110
11000110
11111110
01111100
00000000
00000000
v
000000
000000
000000
000000
000000
000000
000000
000000
000000
000000
110110
110110
110110
110110
110110
111110
011100
000000
000000
w
000000000
000000000
000000000
000000000
000000000
000000000
000000000
000000000
000000000
000000000
110110110
110110110
110110110
110110110
110110110
111111110
011001100
000000000
000000000
x
00000000
00000000
00000000
00000000
00000000
00000000
00000000
00000000
00000000
11000110
11101110
01111100
00111000
00111000
01111100
11101110
11000110
00000000
00000000
y
00000000
00000000
00000000
00000000
00000000
00000000
00000000
00000000
00000000
11000110
11000110
11000110
11001110
01111110
00110110
00000110
00000110
01111110
01111100
z
00000000
00000000
00000000
00000000
00000000
00000000
00000000
00000000
11111110
11111110
00001110
00011100
00111000
01110000
11100000
11111110
11111110
00000000
00000000
.
0000
0000
0000
0000
0000
0000
0000
0000
0000
0000
0000
0000
0000
0000
0000
0110
0110
0000
0000
!
0000
0000
0000
0000
0000
0000
0110
0110
0110
0110
0110
0110
0110
0000
0000
0110
0110
0000
0000
?
0000000000
0000000000
0000000000
0001111000
0011111100
0111001110
0110000110
0000000110
0000000110
0000000110
0000001110
0000011100
0000111000
0000110000
0000000000
0000110000
0000110000
0000000000
0000000000
>
00000000000
00000000000
00000000000
00000000000
00000000000
01111000000
00111100000
00011110000
00001111000
00000111100
00000011110
00000111100
00001111000
00011110000
00111100000
01111000000
00000000000
00000000000
00000000000
<
00000000000
00000000000
00000000000
00000000000
01111000000
01111100000
01111110000
01111111000
01111111100
01111111110
01111111100
01111111000
01111110000
01111100000
01111000000
00000000000
00000000000
00000000000
00000000000
/
00000000
00000000
00000000
00000110
00000110
00000110
00000110
00001100
00001100
00011000
00011000
00110000
00110000
01100000
01100000
01100000
01100000
00000000
00000000
(
000000
000110
001110
011100
011000
011000
011000
011000
011000
011000
011000
011000
011000
011000
011000
011100
001110
000110
000000
)
000000
011000
011100
001110
000110
000110
000110
000110
000110
000110
000110
000110
000110
000110
000110
001110
011100
011000
000000
+
0000000000
0000000000
0000000000
0000000000
0000000000
0000110000
0000110000
0000110000
0111111110
0111111110
0000110000
0000110000
0000110000
0000000000
0000000000
0000000000
0000000000
0000000000
0000000000
-
0000000000
0000000000
0000000000
0000000000
0000000000
0000000000
0000000000
0000000000
0111111110
0111111110
0000000000
0000000000
0000000000
0000000000
0000000000
0000000000
0000000000
0000000000
0000000000
$
0000
0000
0000
0000
0000
0000
0000
0000
0000
0000
0000
0000
0000
0000
0000
0000
0000
0000
0000