A
00000000000
00000000000
00011111000
00111111100
01110001110
01100000110
01100000110
01100000110
01100000110
01100000110
01111111110
01111111110
01100000110
01100000110
01100000110
01100000110
01100000110
01100000110
00000000000
00000000000
Á
00000000001
00000000010
00000000010
00011111000
00111111100
01110001110
01100000110
01100000110
01100000110
01100000110
01111111110
01111111110
01100000110
01100000110
01100000110
01100000110
01100000110
01100000110
00000000000
00000000000
B
00000000000
00000000000
01111110000
01111111000
01100011100
01100001100
01100001100
01100011100
01111111000
01111111100
01100001110
01100000110
01100000110
01100000110
01100000110
01100001110
01111111110
01111111100
00000000000
00000000000
C
00000000000
00000000000
00011111000
00111111100
01110001110
01100000110
01100000000
01100000000
01100000000
01100000000
01100000000
01100000000
01100000000
01100000000
01100000110
01110001110
00111111100
00011111000
00000000000
00000000000
D
0000000000
0000000000
1111111000
1111111100
1100001110
1100000110
1100000110
1100000110
1100000110
1100000110
1100000110
1100000110
1100000110
1100000110
1100000110
1100001110
1111111100
1111111000
E
00000000
00000000
11111110
11111110
11000000
11000000
11000000
11000000
11111000
11111000
11000000
11000000
11000000
11000000
11000000
11111110
11111110
É
0000000001
0000000010
1111111010
1111111000
1100000000
1100000000
1100000000
1100000000
1111100000
1111100000
1100000000
1100000000
1100000000
1100000000
1100000000
1111111000
1111111000
F
000000000
000000000
111111110
111111110
110000000
110000000
110000000
110000000
111110000
111110000
110000000
110000000
110000000
110000000
110000000
110000000
110000000
G
0000000000
0000000000
0111111100
1111111110
1110001110
1100000000
1100000000
1100000000
1100000000
1100011110
1100011110
1100000110
1100000110
1110001110
1111111110
0111111100
H
0000000000
0000000000
1100000110
1100000110
1100000110
1100000110
1100000110
1100000110
1111111110
1111111110
1100000110
1100000110
1100000110
1100000110
1100000110
1100000110
1100000110
I
000
000
110
110
110
110
110
110
110
110
110
110
110
110
110
110
110
Í
0000
0010
0100
0100
0000
0000
1100
1100
1100
1100
1100
1100
1100
1100
1100
1100
1100
J
000000000
000000000
000000110
000000110
000000110
000000110
000000110
000000110
000000110
000000110
000000110
000000110
110000110
110000110
111001110
011111100
001111000
K
0000000000
0000000000
1100000000
1100000110
1100001110
1100011100
1100111000
1101110000
1111100000
1110000000
1111000000
1111100000
1101110000
1100111000
1100011100
1100001100
1100001100
L
000000000
000000000
110000000
110000000
110000000
110000000
110000000
110000000
110000000
110000000
110000000
110000000
110000000
110000000
110000000
111111110
111111110
M
0000000000
0000000000
1110001110
1110001110
1110001110
1111011110
1111011110
1111011110
1101110110
1101110110
1101110110
1100000110
1100000110
1100000110
1100000110
1100000110
1100000110
N
0000000000
0000000000
1110000110
1110000110
1110000110
1111000110
1111000110
1111000110
1101100110
1101100110
1101100110
1100110110
1100110110
1100110110
1100011110
1100011110
1100011110
O
0000000000
0000000000
0111111100
1111111110
1110001110
1100000110
1100000110
1100000110
1100000110
1100000110
1100000110
1100000110
1100000110
1100000110
1110001110
1111111110
0111111100
Ó
0000000000
0000010000
0000100000
0000100000
0000000000
0111111100
1111111110
1110001110
1100000110
1100000110
1100000110
1100000110
1100000110
1110001110
1111111110
0111111100
Ö
0000000000
0011011000
0000000000
0111111100
1111111110
1110001110
1100000110
1100000110
1100000110
1100000110
1100000110
1100000110
1100000110
1100000110
1110001110
1111111110
0111111100
Ő
0000000000
0000101000
0001010000
0001010000
0000000000
0111111100
1111111110
1110001110
1100000110
1100000110
1100000110
1100000110
1100000110
1100000110
1110001110
1111111110
0111111100
P
0000000000
0000000000
1111111000
1111111100
1100001110
1100001110
1100001110
1100011100
1111111100
1111111000
1100000000
1100000000
1100000000
1100000000
1100000000
1100000000
Q
000000000000
000000000000
011111110000
111111111000
111000111000
110000011000
110000011000
110000011000
110000011000
110000011000
110000011000
110000011000
111000111000
111111111100
011111111110
000000000110
000000000010
R
0000000000
0000000000
1111111000
1111111100
1100001110
1100000110
1100000110
1100000110
1100001110
1111111100
1111111000
1101110000
1100111000
1100011100
1100001110
1100000110
1100000110
S
0000000000
0000000000
0000000000
0111111100
1111111110
1110000110
1100000000
1100000000
1110000000
1111111100
0111111110
0000001110
0000000110
0000000110
1100001110
1111111100
0111111100
T
0000000000
0000000000
1111111110
1111111110
0001110000
0001110000
0001110000
0001110000
0001110000
0001110000
0001110000
0001110000
0001110000
0001110000
0001110000
0001110000
0001110000
U
0000000000
0000000000
1100000110
1100000110
1100000110
1100000110
1100000110
1100000110
1100000110
1100000110
1100000110
1100000110
1100000110
1100000110
1100000110
1111111110
0111111100
Ú
0000000000
0000010000
1100100110
1100100110
1100000110
1100000110
1100000110
1100000110
1100000110
1100000110
1100000110
1100000110
1100000110
1100000110
1100000110
1111111110
0111111100
Ü
0000000000
0000000000
0011011000
0000000000
1100000110
1100000110
1100000110
1100000110
1100000110
1100000110
1100000110
1100000110
1100000110
1100000110
1100000110
1111111110
0111111100
Ű
0000000000
0000101000
0001010000
0001010000
1100000110
1100000110
1100000110
1100000110
1100000110
1100000110
1100000110
1100000110
1100000110
1100000110
1100000110
1111111110
0111111100
V
000000000000
000000000000
000000000000
110000000110
110000000110
011000001100
011000001100
011000001100
011000001100
001100011000
001100011000
001100011000
000110110000
000110110000
000110110000
000110110000
000011100000
000011100000
000000000000
000000000000
W
000000000000
000000000000
110000000110
110000000110
110000000110
110000000110
011001001100
011001001100
011001001100
011001001100
001111111000
001111111000
001111111000
001110111000
000110110000
000110110000
000110110000
X
0000000000
0000000000
1100000110
1100000110
1110001110
0111011100
0011111100
0001110000
0000100000
0001110000
0011111000
0111011100
1110001110
1100000110
1100000110
1100000110
1100000110
Y
0000000000
0000000000
1100000110
1100000110
1100000110
1110001110
0110001100
0111011100
0111011100
0011111000
0011111000
0001110000
0001110000
0001110000
0001110000
0001110000
0001110000
Z
0000000000
0000000000
1111111110
1111111110
0000000110
0000000110
0000001110
0000011100
0000111000
0001110000
0011100000
0111000000
1110000000
1100000000
1100000000
1111111110
1111111110
1
0000000
0000000
0001110
0011110
0111110
1110110
1100110
0000110
0000110
0000110
0000110
0000110
0000110
0000110
0000110
0000110
0000110
2
000000000
000000000
001111000
011111100
111001110
110000110
000000110
000000110
000000110
000001110
000011100
000111000
001110000
011100000
111000000
111111110
111111110
3
0000000000
0000000000
0011111000
0111111100
1110001110
1100000110
0000000110
0000001110
0011111100
0011111000
0000011100
0000001110
0000000110
1100000110
1110001110
0111111100
0011111000
4
0000000000
0000000000
0000001100
0000011100
0000111000
0001110000
0011100000
0111000000
1110000000
1100000000
1100001100
1100001100
1111111110
1111111110
0000001100
0000001100
0000001100
5
0000000000
1111111110
1111111110
1100000000
1100000000
1100000000
1100000000
1111111000
0111111100
0000000110
0000000110
0000000110
0000000110
1100000110
0111111000
6
0000000000
0111111100
1111111110
1110000110
1100000000
1100000000
1100000000
1111111000
1111111100
1110001110
1100000110
1100000110
1100000110
1110001110
0111111100
0011111000
7
0000000000
0000000000
1111111110
1111111110
1100000110
1100000110
0000000110
0000001110
0000001100
0000011100
0000011000
0000110000
0000110000
0001100000
0001100000
0011000000
0011000000
8
00000000000
00000000000
00111111000
01111111100
11100001110
11000000110
11000000110
11100001110
01111111100
01111111100
01100001110
11000000110
11000000110
11000000110
11100001110
01111111100
00111111000
9
0000000000
0000000000
0011111000
0111111100
1110001110
1100000110
1100000110
1100000110
1110001110
0111111110
0011111110
0000000110
0000000110
0000000110
1100001110
0111111100
0
0000000000
0000000000
0111111100
1111111110
1110001110
1100000110
1100000110
1100000110
1100000110
1100000110
1100000110
1100000110
1100000110
1100000110
1110001110
1111111110
0111111100
a
000000000
000000000
000000000
000000000
000000000
011111100
111111110
110000110
000000110
011111110
111111110
111000110
110000110
111000110
111111110
011111110
á
000000000
000001000
000010000
000010000
000000000
000000000
011111100
111111110
110000110
000000110
011111110
111111110
111000110
110000110
111000110
111111110
011111110
b
000000000
000000000
110000000
110000000
110000000
110000000
110000000
110000000
111111100
111111110
110001110
110000110
110000110
110000110
110001110
111111110
111111100
c
000000000
000000000
000000000
000000000
000000000
000000000
000000000
001111000
011111100
111001110
110000110
110000000
110000000
110000110
111001110
011111100
001111000
d
000000000
000000000
000000110
000000110
000000110
000000110
000000110
000000110
011111110
111111110
111000110
110000110
110000110
110000110
111000110
111111110
011111110
e
000000000
000000000
000000000
000000000
000000000
000000000
000000000
011111100
111111110
110000110
110000110
111111110
111111100
110000000
110000110
111111110
011111100
é
000000000
000000000
000000000
000001000
000010000
000010000
000000000
011111100
111111110
110000110
110000110
111111110
111111100
110000000
110000110
111111110
011111100
f
00000000
00000000
00111100
01111110
01100110
01100000
01100000
01100000
11111000
11111000
01100000
01100000
01100000
01100000
01100000
01100000
01100000
g
000000000
000000000
000000000
000000000
000000000
000000000
000000000
000000000
011111100
111111110
110000110
110000110
110000110
111111110
011111110
000000110
110000110
111111110
011111100
h
000000000
000000000
110000000
110000000
110000000
110000000
110000000
110111000
111111100
111000110
110000110
110000110
110000110
110000110
110000110
110000110
110000110
i
000
000
000
000
000
000
110
110
000
000
110
110
110
110
110
110
110
í
0000
0000
0000
0000
0000
0010
0100
0100
0000
0000
1100
1100
1100
1100
1100
1100
1100
j
00000000
00000000
00000000
00000000
00000110
00000110
00000000
00000000
00000110
00000110
00000110
00000110
00000110
11000110
11101110
01111100
00111000
k
00000000
00000000
00000000
00000000
11000000
11000110
11001110
11011100
11111000
11100000
11110000
11111000
11011100
11001110
11000110
11000110
11000110
l
0000
0000
0000
0000
0000
0000
1100
1100
1100
1100
1100
1100
1100
1100
1100
1110
0110
m
000000000000
000000000000
000000000000
000000000000
000000000000
000000000000
000000000000
000000000000
110000000000
110110011000
111111111110
110011101110
110001100110
110001100110
110001100110
110001100110
110001100110
n
000000000
000000000
000000000
000000000
000000000
000000000
000000000
000000000
110111000
111111100
111000110
110000110
110000110
110000110
110000110
110000110
110000110
o
0000000000
0000000000
0000000000
0000000000
0000000000
0000000000
0000000000
0000000000
0111111100
1111111110
1110001110
1100000110
1100000110
1100000110
1110001110
1111111110
0111111100
ó
0000000000
0000000000
0000000000
0000000000
0000010000
0000100000
0000100000
0000000000
0111111100
1111111110
1110001110
1100000110
1100000110
1100000110
1110001110
1111111110
0111111100
ö
0000000000
0000000000
0000000000
0000000000
0000000000
0011011000
0011011000
0000000000
0111111100
1111111110
1110001110
1100000110
1100000110
1100000110
1110001110
1111111110
0111111100
ő
0000000000
0000000000
0000000000
0000000000
0000101000
0001010000
0001010000
0000000000
0111111100
1111111110
1110001110
1100000110
1100000110
1100000110
1110001110
1111111110
0111111100
p
000000000
000000000
000000000
000000000
111111100
111111110
110001110
110000110
110000110
110001110
111111110
111111100
110000000
110000000
110000000
q
000000000
000000000
000000000
000000000
011111110
111111110
111000110
110000110
110000110
111000110
111111110
011111110
000000110
000000110
000000110
r
000000
000000
000000
000000
000000
000000
000000
000000
000000
110110
111110
111000
110000
110000
110000
110000
110000
s
00000
00000
00000
00000
00000
00000
00000
00000
01110
11110
11000
11100
01100
00110
00110
11110
11100
t
0000000
0000000
0000000
0000000
0110000
0110000
1111100
1111100
0110000
0110000
0110000
0110000
0110000
0110000
0111000
0111110
0011110
u
00000000
00000000
00000000
00000000
00000000
00000000
00000000
00000000
11000110
11000110
11000110
11000110
11000110
11000110
11000110
11111110
01111100
ú
00000000
00000000
00000000
00000000
00001000
00010000
00010000
00000000
11000110
11000110
11000110
11000110
11000110
11000110
11000110
11111110
01111100
ü
00000000
00000000
00000000
00000000
00000000
00000000
00101000
00000000
11000110
11000110
11000110
11000110
11000110
11000110
11000110
11111110
01111100
ű
00000000
00000000
00000000
00000000
00010100
00101000
00101000
00000000
11000110
11000110
11000110
11000110
11000110
11000110
11000110
11111110
01111100
v
000000
000000
000000
000000
000000
000000
000000
000000
000000
000000
110110
110110
110110
110110
110110
111110
011100
w
000000000
000000000
000000000
000000000
000000000
000000000
000000000
000000000
000000000
000000000
110110110
110110110
110110110
110110110
110110110
111111110
011001100
x
00000000
00000000
00000000
00000000
00000000
00000000
00000000
00000000
00000000
11000110
11101110
01111100
00111000
00111000
01111100
11101110
11000110
y
00000000
00000000
00000000
00000000
00000000
00000000
00000000
00000000
00000000
11000110
11000110
11000110
11001110
01111110
00110110
00000110
00000110
01111110
01111100
z
00000000
00000000
00000000
00000000
00000000
00000000
00000000
00000000
11111110
11111110
00001110
00011100
00111000
01110000
11100000
11111110
11111110
.
0000
0000
0000
0000
0000
0000
0000
0000
0000
0000
0000
0000
0000
0110
0110
!
0000
0000
0000
0000
0110
0110
0110
0110
0110
0110
0110
0000
0000
0110
0110
?
0000000000
0000000000
0000000000
0001111000
0011111100
0111001110
0110000110
0000000110
0000001110
0000011100
0000111000
0000110000
0000000000
0000110000
0000110000
>
00000000000
00000000000
00000000000
00000000000
01111000000
00111100000
00011110000
00001111000
00000111100
00000011110
00000111100
00001111000
00011110000
00111100000
01111000000
<
00000000000
00000000000
00000000000
00000000000
01111000000
01111100000
01111110000
01111111000
01111111100
01111111110
01111111100
01111111000
01111110000
01111100000
01111000000
/
00000000
00000000
00000110
00000110
00000110
00000110
00001100
00001100
00011000
00011000
00110000
00110000
01100000
01100000
01100000
01100000
(
000000
000000
000110
001110
011100
011000
011000
011000
011000
011000
011000
011000
011000
011000
011100
001110
000110
)
000000
000000
011000
011100
001110
000110
000110
000110
000110
000110
000110
000110
000110
000110
001110
011100
011000
+
0000000000
0000000000
0000000000
0000000000
0000000000
0000110000
0000110000
0000110000
0111111110
0111111110
0000110000
0000110000
0000110000
-
0000000000
0000000000
0000000000
0000000000
0000000000
0000000000
0000000000
0000000000
0111111110
0111111110
0000000000
0000000000
0000000000
A2
00000
01100
10010
10010
11110
10010
10010
Á2
00001
00001
01100
10010
10010
11110
10010
B2
00000
11100
10010
11100
10010
10010
11100
C2
00000
01110
10000
10000
10000
10000
01110
D2
00000
11100
10010
10010
10010
10010
11100
E2
00000
11110
10000
11100
10000
10000
11110
É2
00001
00001
11110
10000
11100
10000
11110
F2
00000
11110
10000
11100
10000
10000
10000
G2
00000
01110
10000
10000
10110
10010
01110
H2
00000
10010
10010
11110
10010
10010
10010
I2
00
10
10
10
10
10
10
Í2
0001
0101
0100
0100
0100
0100
0100
J2
00000
11110
00010
00010
00010
10010
01100
K2
00000
10010
10100
11000
10100
10010
10010
L2
0000
1000
1000
1000
1000
1000
1110
M2
000000
100010
110110
101010
100010
100010
100010
N2
000000
110010
101010
101010
100110
100110
O2
000000
011100
100010
100010
100010
100010
011100
Ó2
0000010
0000010
0111000
1000100
1000100
1000100
0111000
Ö2
010100
000000
011100
100010
100010
100010
011100
Ő2
010100
010100
000000
011100
100010
100010
100010
011100
P2
00000
11100
10010
10010
11100
10000
10000
Q2
0000000
0111000
1000100
1000100
1001100
0111110
0000010
R2
00000
11100
10010
10010
11100
10100
10010
S2
00000
00000
01110
10000
01100
00010
11100
T2
000000
111110
001000
001000
001000
001000
001000
U2
000000
100010
100010
100010
100010
100010
011100
Ú2
000010
000100
000000
100010
100010
100010
100010
011100
Ü2
000000
010100
000000
100010
100010
100010
100010
011100
Ű2
010100
010100
000000
100010
100010
100010
100010
011100
V2
000000
100010
100010
010100
010100
001000
001000
W2
000000
101010
101010
101010
101010
111110
X2
100010
100010
010100
001000
010100
100010
100010
Y2
000000
100010
100010
010100
001000
001000
001000
Z2
111110
000010
000100
001000
010000
100000
111110
12
0000
0100
1100
0100
0100
0100
0100
22
00000
01100
10010
00100
01000
10000
11110
32
00000
11100
00010
01100
00010
00010
11100
42
00000
00100
01000
10000
10100
11110
00100
52
00000
11110
10000
11100
00010
00010
11100
62
00000
01100
10000
10000
11100
10010
01100
72
00000
11100
10100
00100
01110
00100
00100
82
00000
01100
10010
01100
10010
10010
01100
92
00000
01100
10010
01110
00010
00010
01100
02
00000
01100
10010
10010
10010
10010
01100
a2
00000
00000
01100
00010
01110
10010
01110
á2
000010
000010
011000
000100
011100
100100
011100
b2
00000
10000
10000
11100
10010
10010
11100
c2
0000
0000
0000
0110
1000
1000
0110
d2
00000
00010
00010
01110
10010
10010
01110
e2
00000
00000
01100
10010
11100
10000
01100
é2
000010
000010
011000
100100
111000
100000
011000
f2
00000
01110
01010
01000
11100
01000
01000
g2
000000
000000
011110
100010
100010
011110
000010
011110
h2
00000
10000
10000
11100
10010
10010
10010
i2
00
00
10
00
10
10
10
í2
000
010
010
000
010
010
010
j2
00000
00010
00000
00010
00010
10010
01100
k2
0000
0000
1000
1010
1100
1010
1010
l2
000
000
100
100
100
100
010
m2
00000000
00000000
01101100
10010010
10010010
10010010
10010010
n2
00000
00000
00000
01100
10010
10010
10010
o2
00000
00000
00000
01100
10010
10010
01100
ó2
00100
00100
00000
01100
10010
10010
01100
ö2
00000
10010
00000
01100
10010
10010
01100
ő2
10010
10010
00000
01100
10010
10010
01110
p2
00000
11100
10010
10010
11100
10000
10000
q2
00000
01110
10010
10010
01110
00010
00010
r2
0000
0000
0000
0110
1000
1000
1000
s2
00000
00000
00000
01110
10000
01100
00010
11100
t2
0000
0000
0100
1110
0100
0100
0010
u2
00000
00000
00000
10010
10010
10010
01100
ú2
00100
00100
00000
10010
10010
10010
01100
ü2
00000
10010
00000
10010
10010
10010
01100
ű2
10010
10010
00000
10010
10010
10010
01100
v2
0000
0000
1010
1010
1010
0100
w2
000000
000000
101010
101010
101010
010100
x2
0000
1010
1010
0100
1010
1010
y2
00000
10010
01110
00010
00010
11100
z2
00000
00000
00000
11110
00100
01000
11110
.2
000
000
000
000
000
000
010
!2
000
010
010
010
010
000
010
?2
000000
001100
010010
000010
000100
000000
000100
>2
0000000
0000000
0110000
0001100
0000010
0001100
0110000
<2
0000000
0000000
0110000
0111100
0111110
0111100
0110000
/2
00000
00010
00010
00100
00100
01000
01000
(2
0010
0100
0100
0100
0100
0100
0100
0010
)2
0100
0010
0010
0010
0010
0010
0010
0100
+2
0000000
0000000
0001000
0001000
0111110
0001000
0001000
-2
0000000
0000000
0000000
0000000
0111110
0000000
0000000
