A2
00000
01100
10010
10010
10010
11110
10010
10010
00000
Á2
000010
011010
100100
100100
100100
111100
100100
100100
000000
B2
00000
11100
10010
10010
11100
10010
10010
11100
00000
C2
00000
01110
10000
10000
10000
10000
10000
01110
00000
D2
00000
11100
10010
10010
10010
10010
10010
11100
00000
E2
00000
11110
10000
10000
11100
10000
10000
11110
00000
É2
000001
111101
100000
100000
111000
100000
100000
111100
000000
F2
00000
11110
10000
10000
11100
10000
10000
10000
00000
G2
00000
01110
10000
10000
10000
10110
10010
01110
00000
H2
00000
10010
10010
10010
11110
10010
10010
10010
00000
I2
00
10
10
10
10
10
10
10
00
Í2
10
10
00
10
10
10
10
10
00
J2
00000
11110
00010
00010
00010
00010
10010
01100
00000
K2
00000
10010
10010
10100
11000
10100
10010
10010
00000
L2
0000
1000
1000
1000
1000
1000
1000
1110
0000
M2
000000
100010
110110
101010
100010
100010
100010
100010
000000
N2
000000
110010
110010
101010
101010
101010
100110
100110
000000
O2
000000
011100
100010
100010
100010
100010
100010
011100
000000
Ó2
001000
001000
000000
011100
100010
100010
100010
011100
000000
Ö2
010100
000000
011100
100010
100010
100010
100010
011100
000000
Ő2
010100
010100
000000
011100
100010
100010
100010
011100
000000
P2
00000
11100
10010
10010
11100
10000
10000
10000
00000
Q2
0000000
0111000
1000100
1000100
1000100
1000100
1001100
0111110
0000010
R2
00000
11100
10010
10010
11100
10100
10010
10010
00000
S2
00000
01110
10000
10000
01100
00010
00010
11100
00000
T2
000000
111110
001000
001000
001000
001000
001000
001000
000000
U2
000000
100010
100010
100010
100010
100010
100010
011100
000000
Ú2
001000
001000
100010
100010
100010
100010
100010
011100
000000
Ü2
010100
000000
100010
100010
100010
100010
100010
011100
000000
Ű2
010100
010100
000000
100010
100010
100010
100010
011100
000000
V2
000000
100010
100010
010100
010100
010100
001000
001000
000000
W2
000000
101010
101010
101010
101010
101010
101010
011100
000000
X2
000000
100010
100010
010100
001000
010100
100010
100010
000000
Y2
000000
100010
100010
100010
010100
001000
001000
001000
000000
Z2
000000
111110
000010
000100
001000
010000
100000
111110
000000
12
0000
0100
1100
0100
0100
0100
0100
0100
0000
22
00000
01100
10010
00010
00100
01000
10000
11110
00000
32
00000
11100
00010
00010
01100
00010
00010
11100
00000
42
00000
00100
01000
10000
10100
11110
00100
00100
00000
52
00000
11110
10000
11100
00010
00010
00010
11100
00000
62
00000
01100
10000
10000
11100
10010
10010
01100
00000
72
00000
11110
10010
00010
00100
01000
01000
01000
00000
82
00000
01100
10010
10010
01100
10010
10010
01100
00000
92
00000
01100
10010
10010
01110
00010
00010
01100
00000
02
00000
01100
10010
10010
10010
10010
10010
01100
00000
a2
00000
00000
00000
01100
00010
01110
10010
01110
00000
á2
00100
00100
00000
01100
00010
01110
10010
01110
00000
b2
00000
10000
10000
10000
11100
10010
10010
11100
00000
c2
0000
0000
0000
0110
1000
1000
1000
0110
0000
d2
00000
00010
00010
00010
01110
10010
10010
01110
00000
e2
00000
00000
00000
01100
10010
11100
10000
01100
00000
é2
00100
00100
00000
01100
10010
11100
10000
01100
00000
f2
00000
00100
01010
01000
01000
11100
01000
01000
00000
g2
00000
00000
00000
01110
10010
10010
01110
00010
01100
h2
00000
10000
10000
10000
11100
10010
10010
10010
00000
i2
00
00
10
00
10
10
10
10
00
í2
00
10
10
00
10
10
10
10
00
j2
0000
0000
0010
0000
0010
0010
0010
1010
0100
k2
0000
1000
1010
1010
1100
1010
1010
1010
0000
l2
000
100
100
100
100
100
100
010
000
m2
00000000
00000000
10000000
11101100
10010010
10010010
10010010
10010010
00000000
n2
00000
00000
00000
01100
10010
10010
10010
10010
00000
o2
000000
000000
000000
011100
100010
100010
100010
011100
000000
ó2
001000
001000
000000
011100
100010
100010
100010
011100
000000
ö2
000000
010100
000000
011100
100010
100010
100010
011100
000000
ő2
000000
010100
010100
000000
011100
100010
100010
011100
000000
p2
00000
00000
00000
11100
10010
10010
11100
10000
10000
q2
00000
01110
10010
10010
01110
00010
00010
00010
00000
r2
0000
0000
0000
0110
1000
1000
1000
1000
0000
s2
00000
00000
00000
01110
10000
01100
00010
11100
00000
t2
0000
0100
0100
1110
0100
0100
0100
0010
0000
u2
000000
000000
000000
100010
100010
100010
100010
011100
000000
ú2
001000
001000
000000
100010
100010
100010
100010
011100
000000
ü2
000000
010100
000000
100010
100010
100010
100010
011100
000000
ű2
010100
010100
000000
100010
100010
100010
100010
011100
000000
v2
0000
0000
0000
1010
1010
1010
1010
0100
0000
w2
000000
000000
000000
101010
101010
101010
101010
010100
000000
x2
0000
0000
0000
1010
1010
0100
1010
1010
0000
y2
00000
00000
00000
10010
10010
01110
00010
00010
11100
z2
0000
0000
0000
1110
0010
0100
1000
1110
0000
.2
00
00
00
00
00
00
00
10
00
!2
00
10
10
10
10
10
00
10
00
?2
00000
01100
10010
00010
00100
00100
00000
00100
00000
}2
0000000
0000000
0000000
0110000
0001100
0000010
0001100
0110000
0000000
{2
0000000
0000000
0110000
0111100
0111110
0111100
0110000
0000000
0000000
/2
00000
00010
00010
00100
00100
00100
01000
01000
00000
[2
0000
0010
0100
0100
0100
0100
0100
0010
0000
]2
0000
0100
0010
0010
0010
0010
0010
0100
0000
+2
0000000
0000000
0000000
0001000
0001000
0111110
0001000
0001000
0000000
-2
0000000
0000000
0000000
0000000
0000000
0111110
0000000
0000000
0000000
,2
000
000
000
000
000
000
000
010
100
_
00
00
00
00
00
00
00
00
00
