1
0000000000000000000000000
0000000000000000000000000
0000000000111111000000000
0000000001111111100000000
0000000011100001110000000
0000000111000000111000000
1111111111110000011111111
0111111111111000011111110
0000000000011100011000000
0000000000011100011000000
0111111111111000011111110
0011111111110000011111100
0000000111000000111000000
0000000011100001110000000
0000000001111111100000000
0000000000111111000000000
0000000000000000000000000
0000000000000000000000000
0000000000000000000000000
2
000000000000000000000000000000
000000000000000000000000000000
000000000000000000001111100000
000000000000000000110000011000
001111111111111111100000000100
010000000000000000000000000010
100111000101001010000111000010
100100100101001010001000100001
100100100101001010010000010001
100111000110001100010000010001
100100100101001010010000010001
100100100101001010001000100001
100111000101001010000111000010
010000000000000000000000000010
001111111111111111000000000100
000000000000000000110000011000
000000000000000000001111100000
000000000000000000000000000000
000000000000000000000000000000
3
000000000000000000
000000000000000000
000000010010000000
000000100100000000
000000100100000000
000000010010000000
000000010010000000
000000000000000000
000001100001100000
000001100001111000
000001100001100100
000001100001100100
000001100001111000
110001111111100011
111000111111000111
011111111111111110
001111111111111100
000000000000000000
000000000000000000
4
000001100011
00001100011
0001100011
001100011
011000011
1100000011
110000000111111111111111111111111111111111111
011
001111111111111111111111111111111111111111100
000000000000000000000000000000000000000000110
111111111111111111111111111111111111000000011
000000000000000000000000000000000001100000011
111001001010001011111011100111110000110000110
100101001010001000010010010001000000110001100
100101010001010000100011100001000001100011000
111001100001010001000010100001000011000110000
100101010001010011111010010001000110001100000
100101001000100000000000000000001100011000000
111001001000100000000000000000011000110000000
